"Health Expenditures" "Internet Users per 100" "Expected Years of Education"
"1" 0.9 0.1 8.1
"2" 2.6 2.4 11.4
"3" 3.2 4.6 13.6
"4" 2.4 0.5 10.2
"5" 4.4 16 16.1
"6" 1.8 4.9 12.2
"7" 5.9 63 19.6
"8" 8.5 54.4 15.3
"9" 1.2 8.2 11.7
"10" 3.6 22 12.6
"11" 3.6 21.5 13.3
"12" 1.2 0.2 8.1
"13" 5.2 49.8 16.3
"14" 4.4 16 14.7
"15" 8 53.5 16.4
"16" 3.3 5.6 12.5
"17" 2 1.2 9.4
"18" 6.8 15.5 13.4
"19" 6 3.3 11.8
"20" 4.2 19.1 14.2
"21" 3.7 18.1 14
"22" 3.4 0.4 6.4
"23" 4.4 0.3 11.3
"24" 2.1 0.3 10.5
"25" 1.5 1 10.9
"26" 8 65.9 15.1
"27" 3.1 5.3 12.7
"28" 1.1 0.4 7.4
"29" 3.8 28.2 14.7
"30" 2.7 7.3 11.7
"31" 5.5 9.1 13.6
"32" 7.4 20.8 13.7
"33" 6.6 31 14.1
"34" 9.7 8.4 16.2
"35" 2.5 33.8 14.9
"36" 9.7 80.9 16.8
"37" 4.7 0.8 5.1
"38" 3 4.3 13.7
"39" 1.7 5.2 12.1
"40" 4.3 3.2 12
"41" 3.4 0.8 7.9
"42" 1.3 1.2 4.6
"43" 4.7 53.2 15.8
"44" 2.6 0.2 8.7
"45" 2.4 7.4 13.9
"46" 6.7 72.4 16.9
"47" 9.3 37.8 16.1
"48" 1.8 3 13
"49" 2.4 4.1 13.2
"50" 9 64.7 16.4
"51" 3.1 1.7 10.7
"52" 6.1 21.6 16.3
"53" 0.6 0.5 8.8
"54" 0.9 1.8 9.5
"55" 1.5 5.4 7.6
"56" 4.4 5.6 11.4
"57" 5.1 27.7 15.3
"58" 7.6 84.1 18.3
"59" 1.2 2 10.7
"60" 6.4 37.1 18.3
"61" 4.6 21.6 15.7
"62" 7.4 33.3 16.2
"63" 2.6 10.1 13.1
"64" 7.8 61.7 15.3
"65" 5.4 11.5 12.7
"66" 2.1 22.9 14.2
"67" 4.1 38.7 14.8
"68" 2.8 9 13.9
"69" 8.5 2.2 9.6
"70" 3.9 0.03 10.5
"71" 2.7 3.5 16.2
"72" 5.2 31.2 15.7
"73" 6.6 65.9 13.5
"74" 3.1 14.1 13.7
"75" 2 11.6 10.4
"76" 9.4 68.3 16.9
"77" 8.4 61.7 19.7
"78" 4.9 2.3 10.8
"79" 8 77.6 17.5
"80" 0.8 6.2 7.3
"81" 2.1 3.5 12.1
"82" 2.7 14.1 13.2
"83" 1.3 5.2 11.7
"84" 5.4 32.5 15.2
"85" 7.5 31.8 16
"86" 2.7 10.2 14.3
"87" 1.4 61.9 14.4
"88" 3.9 8.5 13.1
"89" 6.9 44.1 16.4
"90" 7.8 83.7 16
"91" 6.8 67.5 15.7
"92" 2.9 10.7 12.3
"93" 3.4 8.4 14.5
"94" 5.1 14.6 12.9
"95" 8.1 65.6 16.4
"96" 9.5 65 16.8
